2455167.6918969  0.00350 0.00159
2455167.6923598  0.00593 0.00158
2455167.6927880  0.00345 0.00156
2455167.6932509  0.00184 0.00154
2455167.6936791  0.00151 0.00154
2455167.6941073  0.00180 0.00154
2455167.6945471  0.00160 0.00154
2455167.6949753  0.00525 0.00154
2455167.6954382  0.00381 0.00154
2455167.6958664  0.00684 0.00153
2455167.6962946  0.00237 0.00154
2455167.6967459  0.00518 0.00153
2455167.6971742  0.00539 0.00153
2455167.6976139  0.00422 0.00153
2455167.6980537  0.00404 0.00153
2455167.6984819  0.00656 0.00153
2455167.6989101  0.01764 0.00151
2455167.6993499  0.00458 0.00151
2455167.6998244  0.01328 0.00151
2455167.7002526  0.01344 0.00151
2455167.7006923  0.00735 0.00151
2455167.7033194  0.00915 0.00151
2455167.7037592  0.00970 0.00151
2455167.7042221  0.00685 0.00151
2455167.7046619  0.00565 0.00151
2455167.7050901  0.00713 0.00151
2455167.7055414  0.00546 0.00151
2455167.7059696  0.00607 0.00151
2455167.7064326  0.00888 0.00151
2455167.7068607  0.00860 0.00151
2455167.7073005  0.00786 0.00151
2455167.7077287  0.00981 0.00152
2455167.7081569  0.01018 0.00151
2455167.7086198  0.00791 0.00151
2455167.7090481  0.01211 0.00151
2455167.7094762  0.00916 0.00151
2455167.7099160  0.00588 0.00151
2455167.7103442  0.00981 0.00151
2455167.7107956  0.00991 0.00151
2455167.7112238  0.00947 0.00151
2455167.7116983  0.00963 0.00151
2455167.7121265  0.01321 0.00151
2455167.7125547  0.01057 0.00151
2455167.7129829  0.01353 0.00151
2455167.7134226  0.01188 0.00151
2455167.7138508  0.01424 0.00151
2455167.7142791  0.01373 0.00151
2455167.7147072  0.01343 0.00151
2455167.7151702  0.01190 0.00151
2455167.7155984  0.01056 0.00151
2455167.7160266  0.01239 0.00151
2455167.7164548  0.01485 0.00151
2455167.7168830  0.01350 0.00151
2455167.7173227  0.01461 0.00151
2455167.7177625  0.01584 0.00151
2455167.7181907  0.01280 0.00151
2455167.7186305  0.00836 0.00151
2455167.7190587  0.01128 0.00151
2455167.7195448  0.01342 0.00151
2455167.7199845  0.01392 0.00151
2455167.7204475  0.01269 0.00151
2455167.7208872  0.01085 0.00151
2455167.7213386  0.01593 0.00151
2455167.7217668  0.01855 0.00151
2455167.7221950  0.01066 0.00151
2455167.7226348  0.01274 0.00151
2455167.7230630  0.01361 0.00151
2455167.7234912  0.01628 0.00151
2455167.7239194  0.01683 0.00151
2455167.7243591  0.01623 0.00151
2455167.7252387  0.01946 0.00151
2455167.7256669  0.01059 0.00151
2455167.7261298  0.01309 0.00151
2455167.7266043  0.01075 0.00151
2455167.7270325  0.01298 0.00151
2455167.7274838  0.01534 0.00151
2455167.7279120  0.01594 0.00151
2455167.7283634  0.01320 0.00151
2455167.7287916  0.01358 0.00151
2455167.7292777  0.01152 0.00151
2455167.7297059  0.01112 0.00151
2455167.7301341  0.01546 0.00151
2455167.7305623  0.01721 0.00151
2455167.7309905  0.01350 0.00151
2455167.7314534  0.01898 0.00151
2455167.7318932  0.02271 0.00151
2455167.7323214  0.01791 0.00151
2455167.7336523  0.01674 0.00151
2455167.7345087  0.02450 0.00151
2455167.7349484  0.01770 0.00151
2455167.7353882  0.01008 0.00151
2455167.7358164  0.01739 0.00151
2455167.7362446  0.01655 0.00151
2455167.7366959  0.01617 0.00151
2455167.7371357  0.01836 0.00151
2455167.7384435  0.00997 0.00151
2455167.7392999  0.02153 0.00151
2455167.7419154  0.01654 0.00151
2455167.7432000  0.01651 0.00151
2455167.7436398  0.01956 0.00151
2455167.7445309  0.01441 0.00151
2455167.7449707  0.01630 0.00151
2455167.7454220  0.01623 0.00151
2455167.7458502  0.01652 0.00151
2455167.7462900  0.01489 0.00151
2455167.7467182  0.01953 0.00151
2455167.7471464  0.02137 0.00151
2455167.7475861  0.01110 0.00151
2455167.7480375  0.01225 0.00151
2455167.7484657  0.01082 0.00151
2455167.7489170  0.01109 0.00151
2455167.7498082  0.02563 0.00151
2455167.7502364  0.02045 0.00151
2455167.7506646  0.00976 0.00151
2455167.7510928  0.01839 0.00151
2455167.7515210  0.01881 0.00151
2455167.7519607  0.02182 0.00151
2455167.7524005  0.02498 0.00151
2455167.7532801  0.01302 0.00151
2455167.7537198  0.01347 0.00151
2455167.7545762  0.01257 0.00151
2455167.7550276  0.01831 0.00151
2455167.7554674  0.01083 0.00151
2455167.7559071  0.01673 0.00151
2455167.7563353  0.01266 0.00151
2455167.7576431  0.01249 0.00151
2455167.7580713  0.01921 0.00151
2455167.7584995  0.01097 0.00151
2455167.7589393  0.02438 0.00151
2455167.7593675  0.01271 0.00151
2455167.7611381  0.01653 0.00151
2455167.7615779  0.02046 0.00151
2455167.7620061  0.01803 0.00151
2455167.7624343  0.02376 0.00151
2455167.7628857  0.02553 0.00152
2455167.7646216  0.01597 0.00151
2455167.7654780  0.02035 0.00151
2455167.7659062  0.01168 0.00151
2455167.7663460  0.01054 0.00151
2455167.7667742  0.01042 0.00151
2455167.7672371  0.00921 0.00151
2455167.7676653  0.01022 0.00151
2455167.7680935  0.01880 0.00151
2455167.7685217  0.01021 0.00151
2455167.7689615  0.01176 0.00151
2455167.7693897  0.00886 0.00151
2455167.7698179  0.01503 0.00151
2455167.7702461  0.00967 0.00151
2455167.7711372  0.01959 0.00151
2455167.7716117  0.01395 0.00151
2455167.7720399  0.01597 0.00151
2455167.7724681  0.01210 0.00151
2455167.7733361  0.00768 0.00151
2455167.7737874  0.01937 0.00151
2455167.7742156  0.00836 0.00151
2455167.7746438  0.01924 0.00151
2455167.7750720  0.00821 0.00151
2455167.7755234  0.00673 0.00151
2455167.7759516  0.00812 0.00151
2455167.7763798  0.01357 0.00152
2455167.7768080  0.00628 0.00151
2455167.7772362  0.01054 0.00151
2455167.7776760  0.00638 0.00151
2455167.7781157  0.00765 0.00151
2455167.7785671  0.00571 0.00151
2455167.7789953  0.01114 0.00151
2455167.7794466  0.00825 0.00151
2455167.7798748  0.00506 0.00151
2455167.7803146  0.00934 0.00151
2455167.7807428  0.00661 0.00151
2455167.7811710  0.00279 0.00151
2455167.7816108  0.00352 0.00151
2455167.7820390  0.00724 0.00151
2455167.7825366  0.00689 0.00151
2455167.7829648  0.00530 0.00151
2455167.7834393 -0.00009 0.00151
2455167.7838675  0.00353 0.00151
2455167.7842957  0.00016 0.00151
2455167.7847355  0.00157 0.00151
2455167.7851637  0.00289 0.00151
2455167.7855919  0.00080 0.00151
2455167.7860317  0.00121 0.00153
2455167.7864599  0.00424 0.00153
2455167.7868881 -0.00169 0.00151
2455167.7873163  0.00614 0.00154
2455167.7877445  0.01319 0.00153
2455167.7881842 -0.00317 0.00153
2455167.7886124  0.00109 0.00151
2455167.7890638  0.01027 0.00151
2455167.7895036  0.00036 0.00154
2455167.7899318  0.00112 0.00154
2455167.7903831  0.00028 0.00153
2455167.7908229 -0.00104 0.00151
2455167.7912858 -0.00103 0.00153
2455167.7917140 -0.00210 0.00152
2455167.7921422 -0.00305 0.00151
2455167.7925820  0.00097 0.00151
2455167.7930102  0.00313 0.00151
2455167.7934731 -0.00024 0.00151
2455167.7939013  0.00289 0.00151
2455167.7943295 -0.00046 0.00151
2455167.7947577  0.00077 0.00151
2455167.7951859 -0.00098 0.00151
2455167.7956257 -0.00132 0.00151
2455167.7960539  0.00350 0.00151
2455167.7964821  0.00171 0.00151
2455167.7969103 -0.00221 0.00151
2455167.7973385 -0.00212 0.00151
2455167.7978014  0.00307 0.00151
2455167.7982296  0.00207 0.00151
2455167.7986810 -0.00004 0.00151
2455167.7991207 -0.00161 0.00151
2455167.7995837 -0.00174 0.00151
2455167.8000118  0.00076 0.00151
2455167.8004401  0.00118 0.00151
2455167.8008683  0.00209 0.00151
2455167.8012965  0.00671 0.00152
2455167.8017710  0.00155 0.00151
2455167.8021992 -0.00030 0.00151
2455167.8026274  0.00288 0.00151
2455167.8030671  0.00001 0.00152
2455167.8034953  0.00167 0.00151
2455167.8039583  0.00151 0.00151
2455167.8043864 -0.00062 0.00151
2455167.8048147  0.00148 0.00151
2455167.8052429  0.00116 0.00152
2455167.8056826  0.00397 0.00151
2455167.8061108  0.00295 0.00151
2455167.8065390  0.00288 0.00151
2455167.8069788 -0.00293 0.00151
2455167.8074301  0.00433 0.00151
2455167.8078584  0.00210 0.00151
2455167.8082866  0.00162 0.00151
2455167.8087148  0.00563 0.00151
2455167.8091661  0.00066 0.00151
2455167.8096174  0.00029 0.00151
2455167.8100456  0.00497 0.00151
2455167.8109021  0.00115 0.00151
2455167.8113302  0.00745 0.00151
2455167.8130894  0.01187 0.00151
2455167.8135407  0.00018 0.00151
2455167.8139689  0.00172 0.00152
2455167.8144202  0.00731 0.00151
2455167.8148484  0.00053 0.00152
2455167.8153114  0.00040 0.00151
2455167.8157396  0.00094 0.00151
2455167.8161793  0.00149 0.00151
2455167.8166191  0.00231 0.00152
2455167.8170473 -0.00125 0.00151
2455167.8174987  0.00091 0.00151
2455167.8179384  0.00080 0.00151
2455167.8183666 -0.00213 0.00152
2455167.8187948  0.00024 0.00152
2455167.8192230  0.00208 0.00151
2455167.8196512  0.00081 0.00152
2455167.8200794 -0.00046 0.00151
2455167.8205424 -0.00045 0.00151
2455167.8209706  0.00113 0.00152
2455167.8213988 -0.00273 0.00152
2455167.8218385  0.00091 0.00151
2455167.8222667  0.00104 0.00151
2455167.8226949  0.00147 0.00151
2455167.8231347  0.00103 0.00152
2455167.8235629  0.00325 0.00153
2455167.8240027 -0.00165 0.00151
2455167.8244425 -0.00118 0.00151
2455167.8248938  0.00139 0.00151
2455167.8253336  0.00121 0.00151
2455167.8257618  0.00116 0.00151
2455167.8262247 -0.00413 0.00151
2455167.8266529  0.00065 0.00151
2455167.8271043 -0.00301 0.00151
2455167.8275440  0.00101 0.00151
2455167.8279838 -0.00056 0.00152
2455167.8284120 -0.00306 0.00151
2455167.8288634 -0.00030 0.00151
2455167.8292916  0.00340 0.00152
2455167.8297429 -0.00060 0.00152
2455167.8301711 -0.00078 0.00151
2455167.8306224  0.00325 0.00151
2455167.8310506 -0.00054 0.00151
2455167.8315136  0.00047 0.00151
2455167.8319418  0.00881 0.00151
2455167.8323700 -0.00087 0.00151
2455167.8327982  0.00706 0.00151
2455167.8332264  0.00229 0.00151
2455167.8337009  0.00236 0.00152
2455167.8341291  0.00555 0.00154
2455167.8345688  0.00000 0.00151
2455167.8349970  0.00075 0.00152
2455167.8354368  0.00088 0.00151
2455167.8358766  0.00050 0.00152
2455167.8363048 -0.00309 0.00152
2455167.8367446 -0.00084 0.00153
2455167.8372075 -0.00396 0.00153
2455167.8376357 -0.00487 0.00152
2455167.8380755  0.00325 0.00151
2455167.8385268 -0.00095 0.00151
2455167.8389550  0.00313 0.00151
2455167.8394064  0.00472 0.00152
2455167.8398346 -0.00172 0.00152
2455167.8403206 -0.00229 0.00153
2455167.8407488 -0.00392 0.00152
2455167.8411770 -0.00109 0.00152
2455167.8416168 -0.00175 0.00152
2455167.8420450  0.00052 0.00151
2455167.8424732 -0.00266 0.00153
2455167.8429130 -0.00226 0.00153
2455167.8433412  0.00051 0.00152
2455167.8437925 -0.00188 0.00151
2455167.8442207  0.00381 0.00152
2455167.8446952  0.00329 0.00153
2455167.8451234  0.00135 0.00153
2455167.8455516  0.00017 0.00152
2455167.8459798 -0.00075 0.00152
2455167.8464312  0.00082 0.00153
2455167.8468594 -0.00049 0.00154
2455167.8473107  0.00113 0.00153
2455167.8477389 -0.00045 0.00153
2455167.8481671 -0.00266 0.00153
2455167.8485953 -0.00018 0.00153
2455167.8490351  0.00370 0.00153
2455167.8494633 -0.00269 0.00153
2455167.8498915  0.00184 0.00152
2455167.8503428 -0.00001 0.00153
2455167.8507710 -0.00218 0.00154
2455167.8512224 -0.00119 0.00153
